8.73290e+09 
8.73290e+09 
8.73290e+09 
8.73290e+09 
8.73290e+09 
8.73290e+09 
8.73290e+09 
8.73290e+09 
8.73290e+09 
8.73290e+09 
8.73290e+09 
8.73290e+09 
8.73290e+09 
8.73290e+09 
8.73290e+09 
8.73290e+09 
9.15849e+09 
9.15849e+09 
9.15849e+09 
9.15849e+09 
9.15849e+09 
9.15849e+09 
9.15849e+09 
9.15849e+09 
9.15849e+09 
9.15849e+09 
9.15849e+09 
9.15849e+09 
9.15849e+09 
9.15849e+09 
9.15849e+09 
1.10986e+10 
1.10986e+10 
1.10986e+10 
1.10986e+10 
1.10986e+10 
1.10986e+10 
1.10986e+10 
1.10986e+10 
1.10986e+10 
1.10986e+10 
1.10986e+10 
1.10986e+10 
1.10986e+10 
1.10986e+10 
1.93627e+10 
1.93627e+10 
1.93627e+10 
1.93627e+10 
1.93627e+10 
1.93627e+10 
1.93627e+10 
1.93627e+10 
1.93627e+10 
1.93627e+10 
1.93627e+10 
1.93627e+10 
1.93627e+10 
1.93627e+10 
3.74036e+10 
3.74036e+10 
3.74036e+10 
3.74036e+10 
3.74036e+10 
3.74036e+10 
3.74036e+10 
3.74036e+10 
3.74036e+10 
3.74036e+10 
3.74036e+10 
