2.50000e-01 
2.50000e-01 
2.50000e-01 
2.50000e-01 
2.50000e-01 
2.50000e-01 
2.50000e-01 
2.50000e-01 
2.50000e-01 
2.50000e-01 
2.50000e-01 
2.50000e-01 
2.50000e-01 
2.50000e-01 
2.50000e-01 
2.50000e-01 
2.50000e-01 
2.50000e-01 
2.50000e-01 
2.50000e-01 
2.50000e-01 
2.50000e-01 
2.50000e-01 
2.50000e-01 
2.50000e-01 
2.50000e-01 
2.50000e-01 
2.50000e-01 
2.50000e-01 
2.50000e-01 
2.50000e-01 
2.50000e-01 
2.50000e-01 
2.50000e-01 
2.50000e-01 
2.50000e-01 
2.50000e-01 
2.50000e-01 
2.50000e-01 
2.50000e-01 
2.50000e-01 
2.50000e-01 
2.50000e-01 
2.50000e-01 
2.50000e-01 
2.50000e-01 
2.50000e-01 
2.50000e-01 
2.50000e-01 
2.50000e-01 
2.50000e-01 
2.50000e-01 
2.50000e-01 
2.50000e-01 
2.50000e-01 
2.50000e-01 
2.50000e-01 
2.50000e-01 
2.50000e-01 
2.50000e-01 
2.50000e-01 
2.50000e-01 
2.50000e-01 
2.50000e-01 
2.50000e-01 
2.50000e-01 
2.50000e-01 
2.50000e-01 
2.50000e-01 
2.50000e-01 
